6
52
2
9 0 0 0
9 0 0 101
9 0 0 202
9 0 0 303
9 0 0 404
9 0 0 505
9 0 0 606
9 0 177 0
0 51 177 101
0 59 177 202
9 0 177 303
9 0 177 404
0 54 177 505
9 0 177 606
9 0 354 0
0 58 354 101
9 0 354 202
9 0 354 303
9 0 354 404
0 65 354 505
9 0 354 606
9 0 531 0
0 65 531 101
0 65 531 202
0 65 531 303
0 65 531 404
9 0 531 505
9 0 531 606
9 0 88 50
9 0 88 151
0 65 88 252
9 0 88 353
0 65 88 454
9 0 88 555
9 0 265 50
1 73 265 151
0 65 265 252
9 0 265 353
0 65 265 454
9 0 265 555
9 0 442 50
9 0 442 151
9 0 442 252
0 65 442 353
0 65 442 454
9 0 442 555
9 0 619 50
9 0 619 151
9 0 619 252
9 0 619 353
9 0 619 454
9 0 619 555
