5
39
2
9 0 0 0
9 0 0 121
9 0 0 242
9 0 0 363
9 0 0 484
9 0 0 605
9 0 210 0
0 71 210 121
8 65 210 242
8 65 210 363
8 65 210 484
9 0 210 605
9 0 420 0
8 65 420 121
9 0 420 242
8 65 420 363
8 65 420 484
9 0 420 605
9 0 630 0
9 0 630 121
9 0 630 242
9 0 630 363
9 0 630 484
9 0 630 605
9 0 105 60
9 0 105 181
8 65 105 302
8 65 105 423
9 0 105 544
9 0 315 60
8 65 315 181
8 65 315 302
8 65 315 423
9 0 315 544
9 0 525 60
1 64 525 181
8 65 525 302
8 65 525 423
9 0 525 544
