9
105
2
9 0 0 0
9 0 0 67
9 0 0 134
9 0 0 201
9 0 0 268
9 0 0 335
9 0 0 402
9 0 0 469
9 0 0 536
9 0 0 603
9 0 117 0
8 65 117 67
9 0 117 134
8 65 117 201
9 0 117 268
8 65 117 335
8 65 117 402
8 65 117 469
8 65 117 536
9 0 117 603
9 0 234 0
8 65 234 67
8 65 234 134
8 65 234 201
0 60 234 268
8 65 234 335
8 65 234 402
8 65 234 469
8 65 234 536
9 0 234 603
9 0 351 0
9 0 351 67
8 65 351 134
8 65 351 201
8 65 351 268
8 65 351 335
8 65 351 402
1 68 351 469
8 65 351 536
9 0 351 603
9 0 468 0
8 65 468 67
8 65 468 134
8 65 468 201
8 65 468 268
8 65 468 335
8 65 468 402
8 65 468 469
8 65 468 536
9 0 468 603
9 0 585 0
9 0 585 67
9 0 585 134
9 0 585 201
9 0 585 268
9 0 585 335
9 0 585 402
9 0 585 469
9 0 585 536
9 0 585 603
9 0 58 33
8 65 58 100
8 65 58 167
8 65 58 234
8 65 58 301
8 65 58 368
9 0 58 435
8 65 58 502
9 0 58 569
9 0 175 33
8 65 175 100
8 65 175 167
8 65 175 234
8 65 175 301
8 65 175 368
8 65 175 435
8 65 175 502
9 0 175 569
9 0 292 33
8 65 292 100
8 65 292 167
8 65 292 234
8 65 292 301
9 0 292 368
8 65 292 435
8 65 292 502
9 0 292 569
9 0 409 33
8 65 409 100
8 65 409 167
8 65 409 234
8 65 409 301
8 65 409 368
8 65 409 435
8 65 409 502
9 0 409 569
9 0 526 33
8 65 526 100
8 65 526 167
9 0 526 234
9 0 526 301
8 65 526 368
8 65 526 435
8 65 526 502
9 0 526 569
