8
85
5
9 0 0 0
9 0 0 76
9 0 0 152
9 0 0 228
9 0 0 304
9 0 0 380
9 0 0 456
9 0 0 532
9 0 0 608
9 0 132 0
8 65 132 76
8 65 132 152
8 65 132 228
8 65 132 304
8 65 132 380
8 65 132 456
8 65 132 532
9 0 132 608
9 0 264 0
8 65 264 76
9 0 264 152
8 65 264 228
8 65 264 304
8 65 264 380
1 64 264 456
8 65 264 532
9 0 264 608
9 0 396 0
8 59 396 76
4 56 396 152
8 65 396 228
8 65 396 304
8 65 396 380
8 65 396 456
8 65 396 532
9 0 396 608
9 0 528 0
8 65 528 76
9 0 528 152
9 0 528 228
8 65 528 304
9 0 528 380
8 65 528 456
8 65 528 532
9 0 528 608
9 0 66 38
8 65 66 114
8 65 66 190
8 65 66 266
8 65 66 342
8 65 66 418
8 65 66 494
9 0 66 570
9 0 198 38
8 65 198 114
8 65 198 190
8 65 198 266
8 65 198 342
8 65 198 418
2 61 198 494
9 0 198 570
9 0 330 38
8 65 330 114
9 0 330 190
9 0 330 266
0 84 330 342
8 65 330 418
8 65 330 494
9 0 330 570
9 0 462 38
3 69 462 114
8 65 462 190
8 65 462 266
8 65 462 342
9 0 462 418
8 65 462 494
9 0 462 570
9 0 594 38
9 0 594 114
9 0 594 190
9 0 594 266
9 0 594 342
9 0 594 418
9 0 594 494
9 0 594 570
